1.449245357238980469e-04
1.656280408273120652e-04
1.449245357238980469e-04
1.656280408273120652e-04
1.242210306204840557e-04
1.242210306204840557e-04
1.035175255170700374e-04
1.449245357238980469e-04
1.449245357238980469e-04
1.035175255170700374e-04
6.211051531024202785e-05
8.281402041365603262e-05
6.211051531024202785e-05
1.449245357238980740e-04
1.449245357238980740e-04
1.449245357238980740e-04
1.449245357238980469e-04
1.449245357238980469e-04
2.277385561375540931e-04
2.691455663443821297e-04
2.484420612409681114e-04
2.484420612409681114e-04
1.656280408273120652e-04
1.656280408273120652e-04
1.863315459307260836e-04
1.863315459307260836e-04
1.863315459307260836e-04
1.449245357238980469e-04
1.035175255170700374e-04
1.035175255170700374e-04
1.242210306204840557e-04
1.656280408273120652e-04
1.656280408273120652e-04
1.449245357238980469e-04
1.242210306204840557e-04
1.242210306204840557e-04
8.281402041365603262e-05
1.035175255170700374e-04
1.242210306204840557e-04
1.449245357238980469e-04
1.035175255170700374e-04
1.035175255170700374e-04
1.242210306204840557e-04
1.656280408273120652e-04
1.863315459307260836e-04
1.863315459307260836e-04
1.656280408273120923e-04
1.449245357238980740e-04
1.035175255170700374e-04
1.242210306204840557e-04
1.449245357238980740e-04
1.656280408273120652e-04
1.035175255170700374e-04
1.449245357238980740e-04
2.277385561375540931e-04
2.484420612409681114e-04
2.898490714477961481e-04
2.898490714477961481e-04
2.691455663443821297e-04
2.484420612409681114e-04
2.277385561375541202e-04
2.484420612409681114e-04
2.277385561375540931e-04
1.449245357238980469e-04
1.656280408273120652e-04
1.242210306204840557e-04
1.863315459307260836e-04
2.070350510341401019e-04
2.070350510341401019e-04
2.070350510341401019e-04
2.070350510341401290e-04
1.656280408273120923e-04
1.656280408273120923e-04
1.449245357238980740e-04
1.449245357238980740e-04
1.449245357238980740e-04
1.242210306204840557e-04
2.070350510341400748e-04
1.863315459307260565e-04
1.863315459307260836e-04
2.070350510341401019e-04
3.105525765512101664e-04
2.898490714477961481e-04
3.726630918614521671e-04
3.105525765512101122e-04
3.105525765512101122e-04
2.277385561375540931e-04
3.105525765512101122e-04
3.519595867580380946e-04
3.519595867580380946e-04
2.484420612409681114e-04
3.519595867580381488e-04
2.898490714477961481e-04
2.898490714477961481e-04
2.898490714477961481e-04
3.312560816546241847e-04
2.691455663443821297e-04
2.070350510341401019e-04
2.070350510341401019e-04
2.691455663443821297e-04
1.656280408273120652e-04
1.449245357238980740e-04
1.656280408273120923e-04
1.656280408273120923e-04
1.449245357238980740e-04
2.070350510341400748e-04
2.484420612409681114e-04
2.277385561375540660e-04
2.277385561375540931e-04
3.105525765512101122e-04
3.105525765512101122e-04
3.105525765512101122e-04
3.105525765512101122e-04
3.312560816546241847e-04
2.484420612409681114e-04
2.070350510341401019e-04
2.898490714477961481e-04
2.277385561375540931e-04
2.070350510341401019e-04
2.484420612409681114e-04
2.277385561375540931e-04
2.277385561375540931e-04
2.070350510341401019e-04
2.277385561375541202e-04
3.312560816546241847e-04
2.484420612409681114e-04
2.898490714477961481e-04
2.484420612409680572e-04
2.484420612409681114e-04
2.484420612409681114e-04
2.484420612409681114e-04
2.277385561375540931e-04
2.277385561375540931e-04
1.242210306204840557e-04
1.242210306204840557e-04
8.281402041365603262e-05
1.449245357238980740e-04
1.035175255170700374e-04
1.035175255170700374e-04
1.449245357238980469e-04
1.449245357238980469e-04
1.863315459307260836e-04
1.863315459307260836e-04
2.691455663443821297e-04
2.898490714477961481e-04
2.070350510341400748e-04
2.898490714477960938e-04
2.898490714477960938e-04
2.484420612409681114e-04
2.484420612409681114e-04
2.691455663443820755e-04
2.691455663443820755e-04
1.863315459307260565e-04
1.656280408273120652e-04
2.277385561375540931e-04
2.070350510341401019e-04
2.277385561375541202e-04
2.484420612409681114e-04
2.484420612409681114e-04
1.656280408273120923e-04
1.656280408273120923e-04
1.656280408273120923e-04
2.277385561375541202e-04
2.484420612409681114e-04
1.863315459307260565e-04
1.863315459307260836e-04
1.656280408273120923e-04
2.070350510341401019e-04
2.070350510341401019e-04
2.484420612409681114e-04
3.105525765512101664e-04
2.484420612409681114e-04
2.070350510341400748e-04
3.933665969648661312e-04
7.867331939297322625e-04
7.867331939297322625e-04
8.488437092399742090e-04
8.488437092399742090e-04
9.523612347570444090e-04
9.523612347570443006e-04
9.937682449638722288e-04
9.730647398604583189e-04
8.074366990331462808e-04
3.933665969648662396e-04
4.554771122751082946e-04
3.519595867580382030e-04
3.726630918614522213e-04
3.105525765512101664e-04
2.691455663443821297e-04
2.277385561375540931e-04
2.070350510341400748e-04
2.277385561375540931e-04
2.277385561375540931e-04
2.484420612409681114e-04
2.898490714477961481e-04
2.898490714477961481e-04
2.277385561375541202e-04
2.070350510341401019e-04
2.070350510341401019e-04
2.070350510341401019e-04
1.656280408273120923e-04
2.070350510341401019e-04
1.863315459307260836e-04
2.070350510341401019e-04
1.863315459307260836e-04
1.656280408273120652e-04
2.070350510341400748e-04
2.691455663443821297e-04
2.898490714477961481e-04
3.519595867580382030e-04
3.519595867580382030e-04
3.105525765512101664e-04
2.484420612409681114e-04
2.484420612409681114e-04
2.484420612409681114e-04
2.070350510341401019e-04
2.691455663443821297e-04
2.484420612409681114e-04
2.277385561375540931e-04
1.863315459307260836e-04
1.656280408273120652e-04
1.863315459307260836e-04
2.484420612409681114e-04
2.898490714477961481e-04
3.726630918614521671e-04
3.105525765512101664e-04
3.105525765512101664e-04
2.898490714477961481e-04
2.898490714477961481e-04
3.312560816546241847e-04
3.519595867580382030e-04
3.519595867580382030e-04
3.726630918614522213e-04
3.105525765512101664e-04
3.105525765512101664e-04
3.105525765512101664e-04
2.898490714477961481e-04
3.312560816546241847e-04
3.105525765512101664e-04
2.691455663443821297e-04
2.277385561375541202e-04
2.070350510341401019e-04
2.484420612409681114e-04
2.070350510341401019e-04
3.105525765512101664e-04
3.312560816546241847e-04
2.898490714477961481e-04
2.691455663443821297e-04
2.691455663443821297e-04
2.484420612409681114e-04
2.070350510341400748e-04
1.656280408273120923e-04
1.449245357238980740e-04
6.211051531024202785e-05
6.211051531024202785e-05
1.035175255170700374e-04
1.035175255170700374e-04
1.863315459307260565e-04
1.863315459307260565e-04
1.863315459307260565e-04
2.070350510341400748e-04
2.277385561375540931e-04
2.484420612409681114e-04
3.726630918614521129e-04
3.312560816546241305e-04
3.519595867580381488e-04
3.519595867580381488e-04
3.933665969648661854e-04
4.968841224819362228e-04
5.589946377921781694e-04
5.382911326887642595e-04
6.832156684126622793e-04
5.796981428955922961e-04
6.004016479990063144e-04
1.552762882756050615e-03
2.298089066478954841e-03
3.436781847166725523e-03
3.374671331856483360e-03
4.327032566613527552e-03
4.409846587027183192e-03
5.403614831991055203e-03
5.445021842197883023e-03
5.548539367714953874e-03
4.596178132957909682e-03
3.954369474752075439e-03
2.815676694064304757e-03
2.774269683857476937e-03
1.863315459307260781e-03
1.884018964410674691e-03
7.660296888263182441e-04
7.453261837229044427e-04
1.428541852135566722e-03
1.428541852135566288e-03
1.304320821515082178e-03
1.262913811308254359e-03
1.325024326618496305e-03
1.325024326618496088e-03
1.221506801101426322e-03
1.221506801101426322e-03
1.159396285791184375e-03
3.933665969648662396e-04
4.140701020682802580e-04
3.933665969648662396e-04
4.347736071716942763e-04
4.347736071716942763e-04
2.898490714477960938e-04
3.726630918614521129e-04
3.519595867580381488e-04
4.140701020682801495e-04
3.726630918614522213e-04
3.726630918614522213e-04
3.312560816546241305e-04
2.898490714477961481e-04
3.726630918614521129e-04
4.761806173785221503e-04
4.347736071716941679e-04
4.968841224819362228e-04
4.347736071716941679e-04
4.968841224819362228e-04
4.554771122751081862e-04
4.968841224819362228e-04
5.589946377921782778e-04
4.968841224819363312e-04
3.933665969648661854e-04
3.726630918614521671e-04
3.105525765512101664e-04
4.554771122751081862e-04
3.933665969648661312e-04
4.140701020682801495e-04
3.933665969648661854e-04
3.312560816546241305e-04
2.898490714477961481e-04
3.105525765512101664e-04
2.898490714477961481e-04
3.312560816546241305e-04
2.277385561375540660e-04
2.691455663443820755e-04
2.898490714477961481e-04
3.519595867580381488e-04
3.519595867580381488e-04
3.519595867580381488e-04
3.312560816546241305e-04
3.933665969648661312e-04
3.726630918614522213e-04
3.519595867580382030e-04
3.726630918614522213e-04
3.312560816546241847e-04
2.898490714477961481e-04
3.312560816546241847e-04
3.105525765512101664e-04
3.312560816546241847e-04
3.519595867580381488e-04
2.898490714477961481e-04
3.519595867580381488e-04
3.105525765512101122e-04
3.312560816546241305e-04
3.105525765512101664e-04
3.105525765512101664e-04
2.898490714477961481e-04
2.691455663443821297e-04
2.070350510341401019e-04
2.070350510341401019e-04
1.449245357238980740e-04
1.863315459307260836e-04
2.484420612409681114e-04
3.105525765512101122e-04
2.691455663443820755e-04
2.691455663443820755e-04
3.726630918614521129e-04
3.933665969648661854e-04
4.347736071716942221e-04
4.761806173785222045e-04
4.347736071716942763e-04
4.968841224819361144e-04
5.279393801370571744e-03
5.279393801370571744e-03
5.279393801370571744e-03
5.237986791163743924e-03
5.279393801370571744e-03
5.237986791163743924e-03
5.196579780956916104e-03
5.196579780956916104e-03
5.051655245233018302e-03
2.070350510341401290e-04
2.691455663443821297e-04
2.898490714477961481e-04
2.277385561375541202e-04
1.656280408273120923e-04
5.341504316680813907e-03
1.024823502618993354e-02
